"","Sample","well_total","Stotal","Sample_Well","S2_total_across_all_wells","Plate_ID","virus_identity","virus_copy","quadrant_96","bc_set","Plate_384","Plate_384_Number","Plate_384_Quadrant","IndexSet","MasterMixVol","RT","SpikeCopies","RPP_strategy","PCR_cycles","Description","Dilution","Heat","VirusUnits","Col","Row","S_index","S_index2","R_index","R_index2","S2","S2_spike","RPP30","RPP30_spike","S2_normalized_to_S2_spike","RPP30_Detected","SARS_COV_2_Detected"
"1","Plate3-A01",26918,25811,"A01",23672,"Plate3","MNS NS","16000","A","N1_S2_RPP30","3",3,NA,3,"20uL","taqpath",500,50,50,"MNS LOD/Saliva Negatives",NA,NA,"copies_per_ml_lysate","01","A","TCGGTGGAAG","CGCAACTACT","TCGGTGGAAG","CGCAACTACT",23671,2140,1107,0,11.056515646894,TRUE,"TRUE"
"2","Plate3-A03",26710,25016,"A03",22184,"Plate3","MNS NS","16000","A","N1_S2_RPP30","3",3,NA,3,"20uL","taqpath",500,50,50,"MNS LOD/Saliva Negatives",NA,NA,"copies_per_ml_lysate","03","A","ACACGTGATG","AAGGTGTTCC","ACACGTGATG","AAGGTGTTCC",22184,2832,1694,0,7.83092128485704,TRUE,"TRUE"
"3","Plate3-A05",23926,22022,"A05",20615,"Plate3","MNS NS","16000","A","N1_S2_RPP30","3",3,NA,3,"20uL","taqpath",500,50,50,"MNS LOD/Saliva Negatives",NA,NA,"copies_per_ml_lysate","05","A","AGGCACCTAA","CGATAGATAG","AGGCACCTAA","CGATAGATAG",20615,1407,1904,0,14.6420454545455,TRUE,"TRUE"
"4","Plate3-A07",31886,30330,"A07",27853,"Plate3","MNS NS","16000","A","N1_S2_RPP30","3",3,NA,3,"20uL","taqpath",500,50,50,"MNS LOD/Saliva Negatives",NA,NA,"copies_per_ml_lysate","07","A","ACAATCGTTG","AAGCGCTAAT","ACAATCGTTG","AAGCGCTAAT",27853,2477,1556,0,11.2405165456013,TRUE,"TRUE"
"5","Plate3-A09",33121,29991,"A09",26354,"Plate3","MNS NS","16000","A","N1_S2_RPP30","3",3,NA,3,"20uL","taqpath",500,50,50,"MNS LOD/Saliva Negatives",NA,NA,"copies_per_ml_lysate","09","A","TTAGTCCGAA","TCTGGCCAAT","TTAGTCCGAA","TCTGGCCAAT",26353,3638,3130,0,7.24209947787854,TRUE,"TRUE"
"6","Plate3-A11",28464,27361,"A11",25029,"Plate3","MNS NS","16000","A","N1_S2_RPP30","3",3,NA,3,"20uL","taqpath",500,50,50,"MNS LOD/Saliva Negatives",NA,NA,"copies_per_ml_lysate","11","A","TATCACACGC","CGAGTGCTTC","TATCACACGC","CGAGTGCTTC",25028,2333,1103,0,10.7236503856041,TRUE,"TRUE"
"7","Plate3-A13",35143,32663,"A13",29738,"Plate3","MNS NS","16000","A","N1_S2_RPP30","3",3,NA,3,"20uL","taqpath",500,50,50,"MNS LOD/Saliva Negatives",NA,NA,"copies_per_ml_lysate","13","A","TGAGACAGTA","GGTTCACAGT","TGAGACAGTA","GGTTCACAGT",29737,2926,2480,0,10.1598906730441,TRUE,"TRUE"
"8","Plate3-A15",41420,39511,"A15",36128,"Plate3","MNS NS","16000","A","N1_S2_RPP30","3",3,NA,3,"20uL","taqpath",500,50,50,"MNS LOD/Saliva Negatives",NA,NA,"copies_per_ml_lysate","15","A","ATACCGTGTC","ACCGGTTCAT","ATACCGTGTC","ACCGGTTCAT",36128,3383,1909,0,10.6764184397163,TRUE,"TRUE"
"9","Plate3-A17",29960,27381,"A17",25420,"Plate3","MNS NS","16000","A","N1_S2_RPP30","3",3,NA,3,"20uL","taqpath",500,50,50,"MNS LOD/Saliva Negatives",NA,NA,"copies_per_ml_lysate","17","A","CGCTGTTGGA","CGGTATGGAG","CGCTGTTGGA","CGGTATGGAG",25420,1961,2579,0,12.9566768603466,TRUE,"TRUE"
"10","Plate3-A19",33865,32539,"A19",30503,"Plate3","MNS NS","16000","A","N1_S2_RPP30","3",3,NA,3,"20uL","taqpath",500,50,50,"MNS LOD/Saliva Negatives",NA,NA,"copies_per_ml_lysate","19","A","GATGACGATA","GGACTTAACG","GATGACGATA","GGACTTAACG",30503,2036,1326,0,14.9749631811487,TRUE,"TRUE"
"11","Plate3-A21",32842,30079,"A21",28347,"Plate3","MNS NS","16000","A","N1_S2_RPP30","3",3,NA,3,"20uL","taqpath",500,50,50,"MNS LOD/Saliva Negatives",NA,NA,"copies_per_ml_lysate","21","A","CAGAACCACA","TACCGTAGGA","CAGAACCACA","TACCGTAGGA",28347,1732,2763,0,16.3577611079054,TRUE,"TRUE"
"12","Plate3-A23",32345,30779,"A23",29007,"Plate3","MNS NS","16000","A","N1_S2_RPP30","3",3,NA,3,"20uL","taqpath",500,50,50,"MNS LOD/Saliva Negatives",NA,NA,"copies_per_ml_lysate","23","A","AAGCGAATCC","CGGAGTAAGA","AAGCGAATCC","CGGAGTAAGA",29007,1772,1566,0,16.360970107163,TRUE,"TRUE"
"13","Plate3-B02",29386,27139,"B02",25453,"Plate3","MNS NS","16000","D","N1_S2_RPP30","3",3,NA,3,"20uL","taqpath",500,50,50,"MNS LOD/Saliva Negatives",NA,NA,"copies_per_ml_lysate","02","B","TAGCAAGACA","GGTTAGCGAG","TAGCAAGACA","GGTTAGCGAG",25453,1686,2247,0,15.0883224659158,TRUE,"TRUE"
"14","Plate3-B04",28627,26935,"B04",26924,"Plate3","MNS NS","16000","D","N1_S2_RPP30","3",3,NA,3,"20uL","taqpath",500,50,50,"MNS LOD/Saliva Negatives",NA,NA,"copies_per_ml_lysate","04","B","GAGTGTCTAA","TCGCGTAGGT","GAGTGTCTAA","TCGCGTAGGT",25428,1507,1692,0,16.8627320954907,TRUE,"TRUE"
"15","Plate3-B06",24197,21977,"B06",20903,"Plate3","MNS NS","16000","D","N1_S2_RPP30","3",3,NA,3,"20uL","taqpath",500,50,50,"MNS LOD/Saliva Negatives",NA,NA,"copies_per_ml_lysate","06","B","AAGCTGGCAA","GGCATATAAG","AAGCTGGCAA","GGCATATAAG",20903,1074,2220,0,19.4455813953488,TRUE,"TRUE"
"16","Plate3-B08",26214,25642,"B08",47632,"Plate3","MNS NS","16000","D","N1_S2_RPP30","3",3,NA,3,"20uL","taqpath",500,50,50,"MNS LOD/Saliva Negatives",NA,NA,"copies_per_ml_lysate","08","B","AGGAGCAAGC","CAAGCGCGAT","AGGAGCAAGC","CAAGCGCGAT",24258,1384,572,0,17.515523465704,TRUE,"TRUE"
"17","Plate3-B10",26895,25398,"B10",24129,"Plate3","MNS NS","16000","D","N1_S2_RPP30","3",3,NA,3,"20uL","taqpath",500,50,50,"MNS LOD/Saliva Negatives",NA,NA,"copies_per_ml_lysate","10","B","ACGCACACAA","GAGCTCACAA","ACGCACACAA","GAGCTCACAA",24129,1269,1497,0,19,TRUE,"TRUE"
"18","Plate3-B12",29527,27164,"B12",25748,"Plate3","MNS NS","16000","D","N1_S2_RPP30","3",3,NA,3,"20uL","taqpath",500,50,50,"MNS LOD/Saliva Negatives",NA,NA,"copies_per_ml_lysate","12","B","GATTCTCTCC","GCGATTGCTG","GATTCTCTCC","GCGATTGCTG",25748,1416,2363,0,18.1714890613973,TRUE,"TRUE"
"19","Plate3-B14",31255,29123,"B14",27396,"Plate3","MNS NS","16000","D","N1_S2_RPP30","3",3,NA,3,"20uL","taqpath",500,50,50,"MNS LOD/Saliva Negatives",NA,NA,"copies_per_ml_lysate","14","B","CGTCCAATCC","ACTCGTATCG","CGTCCAATCC","ACTCGTATCG",27396,1727,2132,0,15.8547453703704,TRUE,"TRUE"
"20","Plate3-B16",16598,16284,"B16",15440,"Plate3","MNS NS","16000","D","N1_S2_RPP30","3",3,NA,3,"20uL","taqpath",500,50,50,"MNS LOD/Saliva Negatives",NA,NA,"copies_per_ml_lysate","16","B","CGTCTATCAC","GTCCTTAGCG","CGTCTATCAC","GTCCTTAGCG",15440,844,314,0,18.2733727810651,TRUE,"TRUE"
"21","Plate3-B18",33039,30423,"B18",28617,"Plate3","MNS NS","16000","D","N1_S2_RPP30","3",3,NA,3,"20uL","taqpath",500,50,50,"MNS LOD/Saliva Negatives",NA,NA,"copies_per_ml_lysate","18","B","CGTTGTCCAA","TGAACGTTGG","CGTTGTCCAA","TGAACGTTGG",28617,1806,2616,0,15.8372993912562,TRUE,"TRUE"
"22","Plate3-B20",28469,25715,"B20",24389,"Plate3","MNS NS","16000","D","N1_S2_RPP30","3",3,NA,3,"20uL","taqpath",500,50,50,"MNS LOD/Saliva Negatives",NA,NA,"copies_per_ml_lysate","20","B","TACCGAACTC","CGTACGCAGA","TACCGAACTC","CGTACGCAGA",24389,1326,2754,0,18.3798040693293,TRUE,"TRUE"
"23","Plate3-B22",24536,23767,"B22",22213,"Plate3","MNS NS","16000","D","N1_S2_RPP30","3",3,NA,3,"20uL","taqpath",500,50,50,"MNS LOD/Saliva Negatives",NA,NA,"copies_per_ml_lysate","22","B","CGATCTGGAA","CATGGAAGGA","CGATCTGGAA","CATGGAAGGA",22213,1554,769,0,14.2855305466238,TRUE,"TRUE"
"24","Plate3-B24",20543,19302,"B24",18338,"Plate3","MNS NS","16000","D","N1_S2_RPP30","3",3,NA,3,"20uL","taqpath",500,50,50,"MNS LOD/Saliva Negatives",NA,NA,"copies_per_ml_lysate","24","B","TCTTACTGTC","AGCAGATCTT","TCTTACTGTC","AGCAGATCTT",18337,965,1241,0,18.9834368530021,TRUE,"TRUE"
"25","Plate3-C01",27265,25830,"C01",20940,"Plate3","MNS NS","8000","A","N1_S2_RPP30","3",3,NA,3,"20uL","taqpath",500,50,50,"MNS LOD/Saliva Negatives",NA,NA,"copies_per_ml_lysate","01","C","ATCGTATGGA","GCTGGACACT","ATCGTATGGA","GCTGGACACT",20940,4890,1435,0,4.28153751789,TRUE,"TRUE"
"26","Plate3-C03",20213,19390,"C03",16428,"Plate3","MNS NS","8000","A","N1_S2_RPP30","3",3,NA,3,"20uL","taqpath",500,50,50,"MNS LOD/Saliva Negatives",NA,NA,"copies_per_ml_lysate","03","C","ACTCGTGAGA","GGACACACAA","ACTCGTGAGA","GGACACACAA",16428,2962,823,0,5.54471819102261,TRUE,"TRUE"
"27","Plate3-C05",28176,26117,"C05",22430,"Plate3","MNS NS","8000","A","N1_S2_RPP30","3",3,NA,3,"20uL","taqpath",500,50,50,"MNS LOD/Saliva Negatives",NA,NA,"copies_per_ml_lysate","05","C","TCGAACCGGA","GCTTCATGTA","TCGAACCGGA","GCTTCATGTA",22430,3687,2059,0,6.08215835140998,TRUE,"TRUE"
"28","Plate3-C07",24801,22962,"C07",18736,"Plate3","MNS NS","8000","A","N1_S2_RPP30","3",3,NA,3,"20uL","taqpath",500,50,50,"MNS LOD/Saliva Negatives",NA,NA,"copies_per_ml_lysate","07","C","GCCACACCTA","GCGGAAGTAT","GCCACACCTA","GCGGAAGTAT",18736,4226,1839,0,4.43269458244618,TRUE,"TRUE"
"29","Plate3-C09",25394,22638,"C09",18269,"Plate3","MNS NS","8000","A","N1_S2_RPP30","3",3,NA,3,"20uL","taqpath",500,50,50,"MNS LOD/Saliva Negatives",NA,NA,"copies_per_ml_lysate","09","C","GCCGATTCCA","TCAGTGTCAA","GCCGATTCCA","TCAGTGTCAA",18269,4369,2756,0,4.18077803203661,TRUE,"TRUE"
"30","Plate3-C11",18987,18774,"C11",15037,"Plate3","MNS NS","8000","A","N1_S2_RPP30","3",3,NA,3,"20uL","taqpath",500,50,50,"MNS LOD/Saliva Negatives",NA,NA,"copies_per_ml_lysate","11","C","AAGCGTACGG","ACCAACGCAT","AAGCGTACGG","ACCAACGCAT",15037,3737,213,0,4.02300695559123,TRUE,"TRUE"
"31","Plate3-C13",28627,27136,"C13",21967,"Plate3","MNS NS","8000","A","N1_S2_RPP30","3",3,NA,3,"20uL","taqpath",500,50,50,"MNS LOD/Saliva Negatives",NA,NA,"copies_per_ml_lysate","13","C","ATAGGCCTTA","CTTAAGAGCG","ATAGGCCTTA","CTTAAGAGCG",21967,5169,1491,0,4.24912959381045,TRUE,"TRUE"
"32","Plate3-C15",28568,25668,"C15",18877,"Plate3","MNS NS","8000","A","N1_S2_RPP30","3",3,NA,3,"20uL","taqpath",500,50,50,"MNS LOD/Saliva Negatives",NA,NA,"copies_per_ml_lysate","15","C","GTTGAAGGCC","GCGTAGGTTG","GTTGAAGGCC","GCGTAGGTTG",18876,6792,2900,0,2.77889003385838,TRUE,"TRUE"
"33","Plate3-C17",23214,20807,"C17",17309,"Plate3","MNS NS","8000","A","N1_S2_RPP30","3",3,NA,3,"20uL","taqpath",500,50,50,"MNS LOD/Saliva Negatives",NA,NA,"copies_per_ml_lysate","17","C","GACACCAATA","CCGGTGTGAT","GACACCAATA","CCGGTGTGAT",17309,3498,2407,0,4.94712775078594,TRUE,"TRUE"
"34","Plate3-C19",23504,21023,"C19",2701,"Plate3","MNS NS","8000","A","N1_S2_RPP30","3",3,NA,3,"20uL","taqpath",500,50,50,"MNS LOD/Saliva Negatives",NA,NA,"copies_per_ml_lysate","19","C","CTGTTCGACA","TGGCCTGTTG","CTGTTCGACA","TGGCCTGTTG",2701,18322,2481,0,0.147464934781422,TRUE,"TRUE"
"35","Plate3-C21",14187,13434,"C21",928,"Plate3","MNS NS","8000","A","N1_S2_RPP30","3",3,NA,3,"20uL","taqpath",500,50,50,"MNS LOD/Saliva Negatives",NA,NA,"copies_per_ml_lysate","21","C","ATCATCGACA","GTACGTCCAT","ATCATCGACA","GTACGTCCAT",928,12506,753,0,0.0742784040937075,TRUE,"TRUE"
"36","Plate3-C23",14390,14375,"C23",1970,"Plate3","MNS NS","8000","A","N1_S2_RPP30","3",3,NA,3,"20uL","taqpath",500,50,50,"MNS LOD/Saliva Negatives",NA,NA,"copies_per_ml_lysate","23","C","ATAGGCGGAT","ACACACGTGG","ATAGGCGGAT","ACACACGTGG",1970,12405,15,0,0.158874738029986,TRUE,"TRUE"
"37","Plate3-D02",25706,24502,"D02",22050,"Plate3","MNS NS","8000","D","N1_S2_RPP30","3",3,NA,3,"20uL","taqpath",500,50,50,"MNS LOD/Saliva Negatives",NA,NA,"copies_per_ml_lysate","02","D","AAGTACACGA","GTCGGACCTA","AAGTACACGA","GTCGGACCTA",21905,2597,1204,0,8.43187066974596,TRUE,"TRUE"
"38","Plate3-D04",22739,21463,"D04",18995,"Plate3","MNS NS","8000","D","N1_S2_RPP30","3",3,NA,3,"20uL","taqpath",500,50,50,"MNS LOD/Saliva Negatives",NA,NA,"copies_per_ml_lysate","04","D","AACTCCGCAC","GTACAGACTT","AACTCCGCAC","GTACAGACTT",18993,2470,1276,0,7.68676649129907,TRUE,"TRUE"
"39","Plate3-D06",18066,15543,"D06",35966,"Plate3","MNS NS","8000","D","N1_S2_RPP30","3",3,NA,3,"20uL","taqpath",500,50,50,"MNS LOD/Saliva Negatives",NA,NA,"copies_per_ml_lysate","06","D","CCAGGAACAG","AGATTGTGGC","CCAGGAACAG","AGATTGTGGC",14100,1443,2523,0,9.76523545706371,TRUE,"TRUE"
"40","Plate3-D08",24035,22033,"D08",19793,"Plate3","MNS NS","8000","D","N1_S2_RPP30","3",3,NA,3,"20uL","taqpath",500,50,50,"MNS LOD/Saliva Negatives",NA,NA,"copies_per_ml_lysate","08","D","CATTAGGCGA","CGGAGGAGTA","CATTAGGCGA","CGGAGGAGTA",19792,2241,2002,0,8.82827832292596,TRUE,"TRUE"
"41","Plate3-D10",29508,26991,"D10",61184,"Plate3","MNS NS","8000","D","N1_S2_RPP30","3",3,NA,3,"20uL","taqpath",500,50,50,"MNS LOD/Saliva Negatives",NA,NA,"copies_per_ml_lysate","10","D","ACTAATGACC","GAATATTGCC","ACTAATGACC","GAATATTGCC",23749,3242,2517,0,7.32346592661116,TRUE,"TRUE"
"42","Plate3-D12",27095,24731,"D12",22111,"Plate3","MNS NS","8000","D","N1_S2_RPP30","3",3,NA,3,"20uL","taqpath",500,50,50,"MNS LOD/Saliva Negatives",NA,NA,"copies_per_ml_lysate","12","D","ATGCTACTGG","AGCTATCGTC","ATGCTACTGG","AGCTATCGTC",22111,2620,2364,0,8.43647462800458,TRUE,"TRUE"
"43","Plate3-D14",28939,26255,"D14",30921,"Plate3","MNS NS","8000","D","N1_S2_RPP30","3",3,NA,3,"20uL","taqpath",500,50,50,"MNS LOD/Saliva Negatives",NA,NA,"copies_per_ml_lysate","14","D","AACTGTGTTC","AGCTGTTCAA","AACTGTGTTC","AGCTGTTCAA",22910,3345,2684,0,6.84728033472803,TRUE,"TRUE"
"44","Plate3-D16",12086,10890,"D16",9632,"Plate3","MNS NS","8000","D","N1_S2_RPP30","3",3,NA,3,"20uL","taqpath",500,50,50,"MNS LOD/Saliva Negatives",NA,NA,"copies_per_ml_lysate","16","D","AAGGAGTAAC","AGTAACCGCT","AAGGAGTAAC","AGTAACCGCT",9632,1258,1196,0,7.65131056393964,TRUE,"TRUE"
"45","Plate3-D18",31760,29056,"D18",26025,"Plate3","MNS NS","8000","D","N1_S2_RPP30","3",3,NA,3,"20uL","taqpath",500,50,50,"MNS LOD/Saliva Negatives",NA,NA,"copies_per_ml_lysate","18","D","GGAGAAGGCA","TGATTGAGCG","GGAGAAGGCA","TGATTGAGCG",26025,3031,2704,0,8.58377308707124,TRUE,"TRUE"
"46","Plate3-D20",13847,12750,"D20",1290,"Plate3","MNS NS","8000","D","N1_S2_RPP30","3",3,NA,3,"20uL","taqpath",500,50,50,"MNS LOD/Saliva Negatives",NA,NA,"copies_per_ml_lysate","20","D","GGACATGTTG","AGCCTCAGTT","GGACATGTTG","AGCCTCAGTT",1290,11460,1097,0,0.112642875839805,TRUE,"TRUE"
"47","Plate3-D22",9212,9025,"D22",1116,"Plate3","MNS NS","8000","D","N1_S2_RPP30","3",3,NA,3,"20uL","taqpath",500,50,50,"MNS LOD/Saliva Negatives",NA,NA,"copies_per_ml_lysate","22","D","TCGATGTCTA","TAATGATGCG","TCGATGTCTA","TAATGATGCG",1116,7909,187,0,0.141213653603034,TRUE,"TRUE"
"48","Plate3-D24",8649,8554,"D24",1473,"Plate3","MNS NS","8000","D","N1_S2_RPP30","3",3,NA,3,"20uL","taqpath",500,50,50,"MNS LOD/Saliva Negatives",NA,NA,"copies_per_ml_lysate","24","D","CCTCCATCTG","AAGGACCGTC","CCTCCATCTG","AAGGACCGTC",1473,7081,95,0,0.208133295679187,TRUE,"TRUE"
"49","Plate3-E01",11750,9752,"E01",7343,"Plate3","MNS NS","4000","A","N1_S2_RPP30","3",3,NA,3,"20uL","taqpath",500,50,50,"MNS LOD/Saliva Negatives",NA,NA,"copies_per_ml_lysate","01","E","GAGCCATCAC","AGCCTCCTAA","GAGCCATCAC","AGCCTCCTAA",7343,2409,1998,0,3.04730290456432,TRUE,"TRUE"
"50","Plate3-E03",27221,25404,"E03",17744,"Plate3","MNS NS","4000","A","N1_S2_RPP30","3",3,NA,3,"20uL","taqpath",500,50,50,"MNS LOD/Saliva Negatives",NA,NA,"copies_per_ml_lysate","03","E","TGGCGAGACT","AAGGCCGGTT","TGGCGAGACT","AAGGCCGGTT",17744,7660,1817,0,2.31627724840099,TRUE,"TRUE"
"51","Plate3-E05",21542,18896,"E05",12978,"Plate3","MNS NS","4000","A","N1_S2_RPP30","3",3,NA,3,"20uL","taqpath",500,50,50,"MNS LOD/Saliva Negatives",NA,NA,"copies_per_ml_lysate","05","E","GCTCCTACAA","TCTGATCCGG","GCTCCTACAA","TCTGATCCGG",12978,5918,2646,0,2.19276904882582,TRUE,"TRUE"
"52","Plate3-E07",29884,27621,"E07",23075,"Plate3","MNS NS","4000","A","N1_S2_RPP30","3",3,NA,3,"20uL","taqpath",500,50,50,"MNS LOD/Saliva Negatives",NA,NA,"copies_per_ml_lysate","07","E","AAGTGTCATC","CCGTATAAGG","AAGTGTCATC","CCGTATAAGG",23075,4546,2263,0,5.07499450186936,TRUE,"TRUE"
"53","Plate3-E09",16020,14433,"E09",9666,"Plate3","MNS NS","4000","A","N1_S2_RPP30","3",3,NA,3,"20uL","taqpath",500,50,50,"MNS LOD/Saliva Negatives",NA,NA,"copies_per_ml_lysate","09","E","AACTCCGTTG","ATAGAGTGGC","AACTCCGTTG","ATAGAGTGGC",9666,4767,1587,0,2.02747483221477,TRUE,"TRUE"
"54","Plate3-E11",20496,20482,"E11",14518,"Plate3","MNS NS","4000","A","N1_S2_RPP30","3",3,NA,3,"20uL","taqpath",500,50,50,"MNS LOD/Saliva Negatives",NA,NA,"copies_per_ml_lysate","11","E","ATCTCGGAGG","ATGCGGAACA","ATCTCGGAGG","ATGCGGAACA",14517,5965,14,0,2.43345625209521,TRUE,"TRUE"
"55","Plate3-E13",24747,23214,"E13",15650,"Plate3","MNS NS","4000","A","N1_S2_RPP30","3",3,NA,3,"20uL","taqpath",500,50,50,"MNS LOD/Saliva Negatives",NA,NA,"copies_per_ml_lysate","13","E","AGCTGGAACA","AGGTACCATC","AGCTGGAACA","AGGTACCATC",15650,7564,1533,0,2.06886979510905,TRUE,"TRUE"
"56","Plate3-E15",23897,22200,"E15",16520,"Plate3","MNS NS","4000","A","N1_S2_RPP30","3",3,NA,3,"20uL","taqpath",500,50,50,"MNS LOD/Saliva Negatives",NA,NA,"copies_per_ml_lysate","15","E","GAGGATGGCA","TCCGGTCCTT","GAGGATGGCA","TCCGGTCCTT",16520,5680,1697,0,2.90811476852667,TRUE,"TRUE"
"57","Plate3-E17",26866,24774,"E17",16771,"Plate3","MNS NS","4000","A","N1_S2_RPP30","3",3,NA,3,"20uL","taqpath",500,50,50,"MNS LOD/Saliva Negatives",NA,NA,"copies_per_ml_lysate","17","E","GGATGGCGTA","GGATGAAGTT","GGATGGCGTA","GGATGAAGTT",16771,8003,2092,0,2.09545227386307,TRUE,"TRUE"
"58","Plate3-E19",26364,24090,"E19",16223,"Plate3","MNS NS","4000","A","N1_S2_RPP30","3",3,NA,3,"20uL","taqpath",500,50,50,"MNS LOD/Saliva Negatives",NA,NA,"copies_per_ml_lysate","19","E","GTCATAGACC","CTCAGACAGA","GTCATAGACC","CTCAGACAGA",16223,7867,2274,0,2.0620233858668,TRUE,"TRUE"
"59","Plate3-E21",19714,17131,"E21",11077,"Plate3","MNS NS","4000","A","N1_S2_RPP30","3",3,NA,3,"20uL","taqpath",500,50,50,"MNS LOD/Saliva Negatives",NA,NA,"copies_per_ml_lysate","21","E","GGCGAATACT","AATGAGGCCG","GGCGAATACT","AATGAGGCCG",11077,6054,2583,0,1.82956234516928,TRUE,"TRUE"
"60","Plate3-E23",23325,21210,"E23",17505,"Plate3","MNS NS","4000","A","N1_S2_RPP30","3",3,NA,3,"20uL","taqpath",500,50,50,"MNS LOD/Saliva Negatives",NA,NA,"copies_per_ml_lysate","23","E","TCCTTCACGC","GACGAATAAG","TCCTTCACGC","GACGAATAAG",16060,5150,2115,0,3.11803533294506,TRUE,"TRUE"
"61","Plate3-F02",28984,26558,"F02",21600,"Plate3","MNS NS","4000","D","N1_S2_RPP30","3",3,NA,3,"20uL","taqpath",500,50,50,"MNS LOD/Saliva Negatives",NA,NA,"copies_per_ml_lysate","02","F","TTGTATGGCA","GACGATATGG","TTGTATGGCA","GACGATATGG",21597,4961,2426,0,4.35268037081822,TRUE,"TRUE"
"62","Plate3-F04",26124,24025,"F04",18834,"Plate3","MNS NS","4000","D","N1_S2_RPP30","3",3,NA,3,"20uL","taqpath",500,50,50,"MNS LOD/Saliva Negatives",NA,NA,"copies_per_ml_lysate","04","F","CTCCGTTCCA","GTTAGAGGTA","CTCCGTTCCA","GTTAGAGGTA",18669,5356,2099,0,3.48515960425611,TRUE,"TRUE"
"63","Plate3-F06",30893,27191,"F06",21596,"Plate3","MNS NS","4000","D","N1_S2_RPP30","3",3,NA,3,"20uL","taqpath",500,50,50,"MNS LOD/Saliva Negatives",NA,NA,"copies_per_ml_lysate","06","F","GTCGTATTCC","CGGTTGTATG","GTCGTATTCC","CGGTTGTATG",21595,5596,3702,0,3.85849562265499,TRUE,"TRUE"
"64","Plate3-F08",23870,22074,"F08",26469,"Plate3","MNS NS","4000","D","N1_S2_RPP30","3",3,NA,3,"20uL","taqpath",500,50,50,"MNS LOD/Saliva Negatives",NA,NA,"copies_per_ml_lysate","08","F","TATAGCGATC","CTCTGGTGAT","TATAGCGATC","CTCTGGTGAT",18261,3813,1796,0,4.78814892501311,TRUE,"TRUE"
"65","Plate3-F10",26831,25248,"F10",20012,"Plate3","MNS NS","4000","D","N1_S2_RPP30","3",3,NA,3,"20uL","taqpath",500,50,50,"MNS LOD/Saliva Negatives",NA,NA,"copies_per_ml_lysate","10","F","ACTGGAATAG","CGTGGACGTA","ACTGGAATAG","CGTGGACGTA",20012,5236,1583,0,3.82146266946725,TRUE,"TRUE"
"66","Plate3-F12",27786,24985,"F12",48489,"Plate3","MNS NS","4000","D","N1_S2_RPP30","3",3,NA,3,"20uL","taqpath",500,50,50,"MNS LOD/Saliva Negatives",NA,NA,"copies_per_ml_lysate","12","F","CCTCCATTAA","GCGTCCATTG","CCTCCATTAA","GCGTCCATTG",19285,5700,2801,0,3.3829152780214,TRUE,"TRUE"
"67","Plate3-F14",25484,22279,"F14",16856,"Plate3","MNS NS","4000","D","N1_S2_RPP30","3",3,NA,3,"20uL","taqpath",500,50,50,"MNS LOD/Saliva Negatives",NA,NA,"copies_per_ml_lysate","14","F","TATAGCACCA","GCGCCTGTTA","TATAGCACCA","GCGCCTGTTA",16856,5423,3205,0,3.10785398230089,TRUE,"TRUE"
"68","Plate3-F16",26564,25273,"F16",19365,"Plate3","MNS NS","4000","D","N1_S2_RPP30","3",3,NA,3,"20uL","taqpath",500,50,50,"MNS LOD/Saliva Negatives",NA,NA,"copies_per_ml_lysate","16","F","TTCGTGTCGA","GTCGATACCT","TTCGTGTCGA","GTCGATACCT",19365,5908,1291,0,3.27737349805382,TRUE,"TRUE"
"69","Plate3-F18",31355,28292,"F18",22356,"Plate3","MNS NS","4000","D","N1_S2_RPP30","3",3,NA,3,"20uL","taqpath",500,50,50,"MNS LOD/Saliva Negatives",NA,NA,"copies_per_ml_lysate","18","F","TAGTCGTCAC","CGAACGTCGA","TAGTCGTCAC","CGAACGTCGA",22356,5936,3063,0,3.76570658581775,TRUE,"TRUE"
"70","Plate3-F20",24744,22227,"F20",17439,"Plate3","MNS NS","4000","D","N1_S2_RPP30","3",3,NA,3,"20uL","taqpath",500,50,50,"MNS LOD/Saliva Negatives",NA,NA,"copies_per_ml_lysate","20","F","GTTCAATCCG","ACGTCGATAT","GTTCAATCCG","ACGTCGATAT",17439,4788,2517,0,3.64167884735853,TRUE,"TRUE"
"71","Plate3-F22",7730,7618,"F22",5978,"Plate3","MNS NS","4000","D","N1_S2_RPP30","3",3,NA,3,"20uL","taqpath",500,50,50,"MNS LOD/Saliva Negatives",NA,NA,"copies_per_ml_lysate","22","F","GTAGCCTATG","ATGGCCTGTC","GTAGCCTATG","ATGGCCTGTC",5978,1640,112,0,3.64351005484461,TRUE,"TRUE"
"72","Plate3-F24",17179,17056,"F24",14049,"Plate3","MNS NS","4000","D","N1_S2_RPP30","3",3,NA,3,"20uL","taqpath",500,50,50,"MNS LOD/Saliva Negatives",NA,NA,"copies_per_ml_lysate","24","F","TCGTCGTGTC","CTTGTCCGCT","TCGTCGTGTC","CTTGTCCGCT",14049,3007,123,0,4.67087765957447,TRUE,"TRUE"
"73","Plate3-G01",22831,21025,"G01",11185,"Plate3","MNS NS","2000","A","N1_S2_RPP30","3",3,NA,3,"20uL","taqpath",500,50,50,"MNS LOD/Saliva Negatives",NA,NA,"copies_per_ml_lysate","01","G","TCAGTATGAC","GACGTACTCT","TCAGTATGAC","GACGTACTCT",11004,10021,1806,0,1.0980842147276,TRUE,"TRUE"
"74","Plate3-G03",12565,12064,"G03",6449,"Plate3","MNS NS","2000","A","N1_S2_RPP30","3",3,NA,3,"20uL","taqpath",500,50,50,"MNS LOD/Saliva Negatives",NA,NA,"copies_per_ml_lysate","03","G","CTCATGCCTA","AATCACGCCT","CTCATGCCTA","AATCACGCCT",6449,5615,501,0,1.14850427350427,TRUE,"TRUE"
"75","Plate3-G05",13292,12184,"G05",7144,"Plate3","MNS NS","2000","A","N1_S2_RPP30","3",3,NA,3,"20uL","taqpath",500,50,50,"MNS LOD/Saliva Negatives",NA,NA,"copies_per_ml_lysate","05","G","ACAACCTGTA","CGACAACGCT","ACAACCTGTA","CGACAACGCT",7144,5040,1080,28,1.4173775044634,TRUE,"TRUE"
"76","Plate3-G07",17077,15633,"G07",9026,"Plate3","MNS NS","2000","A","N1_S2_RPP30","3",3,NA,3,"20uL","taqpath",500,50,50,"MNS LOD/Saliva Negatives",NA,NA,"copies_per_ml_lysate","07","G","GTCAGCAAGC","AGTGGACATG","GTCAGCAAGC","AGTGGACATG",9026,6607,1444,0,1.36607142857143,TRUE,"TRUE"
"77","Plate3-G09",23082,21272,"G09",12723,"Plate3","MNS NS","2000","A","N1_S2_RPP30","3",3,NA,3,"20uL","taqpath",500,50,50,"MNS LOD/Saliva Negatives",NA,NA,"copies_per_ml_lysate","09","G","AGAACCGACG","ATTCCTTGGT","AGAACCGACG","ATTCCTTGGT",12722,8550,1810,0,1.48789615249678,TRUE,"TRUE"
"78","Plate3-G11",16874,15149,"G11",9382,"Plate3","MNS NS","2000","A","N1_S2_RPP30","3",3,NA,3,"20uL","taqpath",500,50,50,"MNS LOD/Saliva Negatives",NA,NA,"copies_per_ml_lysate","11","G","ATGTTCCTCC","GAAGACGTCT","ATGTTCCTCC","GAAGACGTCT",9381,5768,1725,0,1.62627838446871,TRUE,"TRUE"
"79","Plate3-G13",21490,19803,"G13",12731,"Plate3","MNS NS","2000","A","N1_S2_RPP30","3",3,NA,3,"20uL","taqpath",500,50,50,"MNS LOD/Saliva Negatives",NA,NA,"copies_per_ml_lysate","13","G","CCAGTAACCA","AGAACGCACA","CCAGTAACCA","AGAACGCACA",12731,7072,1687,0,1.80008482963382,TRUE,"TRUE"
"80","Plate3-G15",20979,19629,"G15",12413,"Plate3","MNS NS","2000","A","N1_S2_RPP30","3",3,NA,3,"20uL","taqpath",500,50,50,"MNS LOD/Saliva Negatives",NA,NA,"copies_per_ml_lysate","15","G","ACTCAGACAG","ACAGACTCAC","ACTCAGACAG","ACAGACTCAC",12413,7216,1350,0,1.72010530691423,TRUE,"TRUE"
"81","Plate3-G17",18436,15977,"G17",7987,"Plate3","MNS NS","2000","A","N1_S2_RPP30","3",3,NA,3,"20uL","taqpath",500,50,50,"MNS LOD/Saliva Negatives",NA,NA,"copies_per_ml_lysate","17","G","GTCACGATAC","GCGATAACCG","GTCACGATAC","GCGATAACCG",7986,7991,2459,0,0.999374374374374,TRUE,"TRUE"
"82","Plate3-G19",21943,19788,"G19",11484,"Plate3","MNS NS","2000","A","N1_S2_RPP30","3",3,NA,3,"20uL","taqpath",500,50,50,"MNS LOD/Saliva Negatives",NA,NA,"copies_per_ml_lysate","19","G","AACGAAGCTC","CGACCTCTGA","AACGAAGCTC","CGACCTCTGA",11484,8304,2155,0,1.38290186634557,TRUE,"TRUE"
"83","Plate3-G21",18836,16391,"G21",8357,"Plate3","MNS NS","2000","A","N1_S2_RPP30","3",3,NA,3,"20uL","taqpath",500,50,50,"MNS LOD/Saliva Negatives",NA,NA,"copies_per_ml_lysate","21","G","GAATCTGGAC","GCTGAAGATG","GAATCTGGAC","GCTGAAGATG",8357,8034,2445,0,1.04019912881145,TRUE,"TRUE"
"84","Plate3-G23",22528,19840,"G23",11095,"Plate3","MNS NS","2000","A","N1_S2_RPP30","3",3,NA,3,"20uL","taqpath",500,50,50,"MNS LOD/Saliva Negatives",NA,NA,"copies_per_ml_lysate","23","G","CTCTCCGCTA","GGTATGGCTG","CTCTCCGCTA","GGTATGGCTG",11095,8745,2688,0,1.26869426023325,TRUE,"TRUE"
"85","Plate3-H02",13394,11687,"H02",7801,"Plate3","MNS NS","2000","D","N1_S2_RPP30","3",3,NA,3,"20uL","taqpath",500,50,50,"MNS LOD/Saliva Negatives",NA,NA,"copies_per_ml_lysate","02","H","ACTAGGCCGA","AGGTAATCAC","ACTAGGCCGA","AGGTAATCAC",7800,3887,1707,0,2.00643004115226,TRUE,"TRUE"
"86","Plate3-H04",19703,18375,"H04",12816,"Plate3","MNS NS","2000","D","N1_S2_RPP30","3",3,NA,3,"20uL","taqpath",500,50,50,"MNS LOD/Saliva Negatives",NA,NA,"copies_per_ml_lysate","04","H","CGACGTTCAC","GAACCACGCT","CGACGTTCAC","GAACCACGCT",12816,5559,1328,0,2.30521582733813,TRUE,"TRUE"
"87","Plate3-H06",16132,13973,"H06",11570,"Plate3","MNS NS","2000","D","N1_S2_RPP30","3",3,NA,3,"20uL","taqpath",500,50,50,"MNS LOD/Saliva Negatives",NA,NA,"copies_per_ml_lysate","06","H","TGGTCGCTCA","GCCTCCACAA","TGGTCGCTCA","GCCTCCACAA",10742,3231,2159,0,3.32394801980198,TRUE,"TRUE"
"88","Plate3-H08",26287,23628,"H08",15500,"Plate3","MNS NS","2000","D","N1_S2_RPP30","3",3,NA,3,"20uL","taqpath",500,50,50,"MNS LOD/Saliva Negatives",NA,NA,"copies_per_ml_lysate","08","H","TCCTGGTGAC","GCCTGATGAT","TCCTGGTGAC","GCCTGATGAT",15499,8129,2659,0,1.90651906519065,TRUE,"TRUE"
"89","Plate3-H10",25346,22994,"H10",42018,"Plate3","MNS NS","2000","D","N1_S2_RPP30","3",3,NA,3,"20uL","taqpath",500,50,50,"MNS LOD/Saliva Negatives",NA,NA,"copies_per_ml_lysate","10","H","ATCGCTCAGA","GCCTTGGAAT","ATCGCTCAGA","GCCTTGGAAT",13386,9608,2352,0,1.39317306691643,TRUE,"TRUE"
"90","Plate3-H12",18655,17359,"H12",12196,"Plate3","MNS NS","2000","D","N1_S2_RPP30","3",3,NA,3,"20uL","taqpath",500,50,50,"MNS LOD/Saliva Negatives",NA,NA,"copies_per_ml_lysate","12","H","CAGTGCAACC","GCCTCTACTT","CAGTGCAACC","GCCTCTACTT",12196,5163,1296,0,2.36192873741286,TRUE,"TRUE"
"91","Plate3-H14",28051,25676,"H14",18008,"Plate3","MNS NS","2000","D","N1_S2_RPP30","3",3,NA,3,"20uL","taqpath",500,50,50,"MNS LOD/Saliva Negatives",NA,NA,"copies_per_ml_lysate","14","H","CGACTACTCC","GCGACCAGTT","CGACTACTCC","GCGACCAGTT",17874,7802,2375,0,2.29078559528387,TRUE,"TRUE"
"92","Plate3-H16",22376,20283,"H16",11273,"Plate3","MNS NS","2000","D","N1_S2_RPP30","3",3,NA,3,"20uL","taqpath",500,50,50,"MNS LOD/Saliva Negatives",NA,NA,"copies_per_ml_lysate","16","H","GAAGGTGGTA","AAGGTTCGCT","GAAGGTGGTA","AAGGTTCGCT",11273,9010,2093,0,1.25113749861281,TRUE,"TRUE"
"93","Plate3-H18",30611,27529,"H18",19393,"Plate3","MNS NS","2000","D","N1_S2_RPP30","3",3,NA,3,"20uL","taqpath",500,50,50,"MNS LOD/Saliva Negatives",NA,NA,"copies_per_ml_lysate","18","H","GTCAGATTCA","TCCTGGATCG","GTCAGATTCA","TCCTGGATCG",19393,8136,3082,0,2.38343369792307,TRUE,"TRUE"
"94","Plate3-H20",25709,22577,"H20",14481,"Plate3","MNS NS","2000","D","N1_S2_RPP30","3",3,NA,3,"20uL","taqpath",500,50,50,"MNS LOD/Saliva Negatives",NA,NA,"copies_per_ml_lysate","20","H","GTGCGCTGTA","GTTGTTCAGA","GTGCGCTGTA","GTTGTTCAGA",14481,8096,3132,0,1.78856366555514,TRUE,"TRUE"
"95","Plate3-H22",17028,15348,"H22",10370,"Plate3","MNS NS","2000","D","N1_S2_RPP30","3",3,NA,3,"20uL","taqpath",500,50,50,"MNS LOD/Saliva Negatives",NA,NA,"copies_per_ml_lysate","22","H","ACTGTAGTAC","ATCCGTTGTC","ACTGTAGTAC","ATCCGTTGTC",10370,4978,1680,0,2.08294838320948,TRUE,"TRUE"
"96","Plate3-H24",23792,21681,"H24",13735,"Plate3","MNS NS","2000","D","N1_S2_RPP30","3",3,NA,3,"20uL","taqpath",500,50,50,"MNS LOD/Saliva Negatives",NA,NA,"copies_per_ml_lysate","24","H","ATGCTCCGGA","GTCGATTAGA","ATGCTCCGGA","GTCGATTAGA",13735,7946,2111,0,1.72845098779414,TRUE,"TRUE"
"97","Plate3-I01",22090,20196,"I01",9196,"Plate3","MNS NS","1000","A","N1_S2_RPP30","3",3,NA,3,"20uL","taqpath",500,50,50,"MNS LOD/Saliva Negatives",NA,NA,"copies_per_ml_lysate","01","I","CCAATGTGTC","AGGTGTCACC","CCAATGTGTC","AGGTGTCACC",9196,11000,1894,0,0.83601490773566,TRUE,"TRUE"
"98","Plate3-I03",15962,15906,"I03",5806,"Plate3","MNS NS","1000","A","N1_S2_RPP30","3",3,NA,3,"20uL","taqpath",500,50,50,"MNS LOD/Saliva Negatives",NA,NA,"copies_per_ml_lysate","03","I","ACTGGCTATC","GAGTGGAACG","ACTGGCTATC","GAGTGGAACG",5702,10204,56,0,0.558843704066634,TRUE,"TRUE"
"99","Plate3-I05",19286,17000,"I05",7202,"Plate3","MNS NS","1000","A","N1_S2_RPP30","3",3,NA,3,"20uL","taqpath",500,50,50,"MNS LOD/Saliva Negatives",NA,NA,"copies_per_ml_lysate","05","I","GTATCACTCC","CGTTGGATAT","GTATCACTCC","CGTTGGATAT",7202,9798,2286,0,0.735075007653842,TRUE,"TRUE"
"100","Plate3-I07",11754,11690,"I07",4781,"Plate3","MNS NS","1000","A","N1_S2_RPP30","3",3,NA,3,"20uL","taqpath",500,50,50,"MNS LOD/Saliva Negatives",NA,NA,"copies_per_ml_lysate","07","I","GAGATGCGAA","GTATCACTGC","GAGATGCGAA","GTATCACTGC",4781,6909,64,0,0.692040520984081,TRUE,"TRUE"
"101","Plate3-I09",16207,14956,"I09",6175,"Plate3","MNS NS","1000","A","N1_S2_RPP30","3",3,NA,3,"20uL","taqpath",500,50,50,"MNS LOD/Saliva Negatives",NA,NA,"copies_per_ml_lysate","09","I","TGTACATACC","ACCGCACGAT","TGTACATACC","ACCGCACGAT",6175,8781,1251,0,0.703256661352767,TRUE,"TRUE"
"102","Plate3-I11",17011,16801,"I11",6346,"Plate3","MNS NS","1000","A","N1_S2_RPP30","3",3,NA,3,"20uL","taqpath",500,50,50,"MNS LOD/Saliva Negatives",NA,NA,"copies_per_ml_lysate","11","I","GTGAGACATC","CTGGAGACCT","GTGAGACATC","CTGGAGACCT",6346,10455,210,0,0.607019892884468,TRUE,"TRUE"
"103","Plate3-I13",15046,13503,"I13",6963,"Plate3","MNS NS","1000","A","N1_S2_RPP30","3",3,NA,3,"20uL","taqpath",500,50,50,"MNS LOD/Saliva Negatives",NA,NA,"copies_per_ml_lysate","13","I","GTGCGACTAG","CTAGCTGTTA","GTGCGACTAG","CTAGCTGTTA",6963,6540,1543,0,1.06466901085461,TRUE,"TRUE"
"104","Plate3-I15",2860,535,"I15",387,"Plate3","MNS NS","1000","A","N1_S2_RPP30","3",3,NA,3,"20uL","taqpath",500,50,50,"MNS LOD/Saliva Negatives",NA,NA,"copies_per_ml_lysate","15","I","AATGTCCAAG","CCGCACAATA","AATGTCCAAG","CCGCACAATA",387,148,2325,0,2.60402684563758,TRUE,"TRUE"
"105","Plate3-I17",10500,8628,"I17",4901,"Plate3","MNS NS","1000","A","N1_S2_RPP30","3",3,NA,3,"20uL","taqpath",500,50,50,"MNS LOD/Saliva Negatives",NA,NA,"copies_per_ml_lysate","17","I","ACACTTATCG","CACGTTCAAC","ACACTTATCG","CACGTTCAAC",4901,3727,1872,0,1.31491416309013,TRUE,"TRUE"
"106","Plate3-I19",20148,17664,"I19",7340,"Plate3","MNS NS","1000","A","N1_S2_RPP30","3",3,NA,3,"20uL","taqpath",500,50,50,"MNS LOD/Saliva Negatives",NA,NA,"copies_per_ml_lysate","19","I","GGTCTCTTAG","ACGTGTCGTT","GGTCTCTTAG","ACGTGTCGTT",7340,10324,2484,0,0.710992736077482,TRUE,"TRUE"
"107","Plate3-I21",12537,11888,"I21",5445,"Plate3","MNS NS","1000","A","N1_S2_RPP30","3",3,NA,3,"20uL","taqpath",500,50,50,"MNS LOD/Saliva Negatives",NA,NA,"copies_per_ml_lysate","21","I","GGTTGGTCAG","CACGCCTTAT","GGTTGGTCAG","CACGCCTTAT",5444,6444,649,0,0.844840961986036,TRUE,"TRUE"
"108","Plate3-I23",12727,11498,"I23",1164,"Plate3","MNS NS","1000","A","N1_S2_RPP30","3",3,NA,3,"20uL","taqpath",500,50,50,"MNS LOD/Saliva Negatives",NA,NA,"copies_per_ml_lysate","23","I","TCAGACTCTC","GAGACGATCA","TCAGACTCTC","GAGACGATCA",1163,10335,1229,0,0.112616099071207,TRUE,"TRUE"
"109","Plate3-J02",11212,9286,"J02",4584,"Plate3","MNS NS","1000","D","N1_S2_RPP30","3",3,NA,3,"20uL","taqpath",500,50,50,"MNS LOD/Saliva Negatives",NA,NA,"copies_per_ml_lysate","02","J","GTGTCGCTCT","AAGTCGAACT","GTGTCGCTCT","AAGTCGAACT",4584,4702,1926,0,0.974909632149692,TRUE,"TRUE"
"110","Plate3-J04",17903,16926,"J04",9371,"Plate3","MNS NS","1000","D","N1_S2_RPP30","3",3,NA,3,"20uL","taqpath",500,50,50,"MNS LOD/Saliva Negatives",NA,NA,"copies_per_ml_lysate","04","J","ATGATGCGAC","AACACTCGAT","ATGATGCGAC","AACACTCGAT",9371,7555,977,0,1.24033880359979,TRUE,"TRUE"
"111","Plate3-J06",21897,19880,"J06",9101,"Plate3","MNS NS","1000","D","N1_S2_RPP30","3",3,NA,3,"20uL","taqpath",500,50,50,"MNS LOD/Saliva Negatives",NA,NA,"copies_per_ml_lysate","06","J","AGTGTGCTTA","GGCTAGCTTA","AGTGTGCTTA","GGCTAGCTTA",9101,10779,2017,0,0.844341372912802,TRUE,"TRUE"
"112","Plate3-J08",1851,325,"J08",22619,"Plate3","MNS NS","1000","D","N1_S2_RPP30","3",3,NA,3,"20uL","taqpath",500,50,50,"MNS LOD/Saliva Negatives",NA,NA,"copies_per_ml_lysate","08","J","GTGATCGCAT","ATACATCGCT","GTGATCGCAT","ATACATCGCT",207,118,1526,0,1.74789915966387,TRUE,"Inconclusive"
"113","Plate3-J10",13026,12674,"J10",8169,"Plate3","MNS NS","1000","D","N1_S2_RPP30","3",3,NA,3,"20uL","taqpath",500,50,50,"MNS LOD/Saliva Negatives",NA,NA,"copies_per_ml_lysate","10","J","GGCATCTTAC","ACCACTCGTC","GGCATCTTAC","ACCACTCGTC",8169,4505,352,0,1.81313803817133,TRUE,"TRUE"
"114","Plate3-J12",14488,13050,"J12",19932,"Plate3","MNS NS","1000","D","N1_S2_RPP30","3",3,NA,3,"20uL","taqpath",500,50,50,"MNS LOD/Saliva Negatives",NA,NA,"copies_per_ml_lysate","12","J","TGGCGTCTAA","GTCGTGCGAT","TGGCGTCTAA","GTCGTGCGAT",6362,6688,1438,0,0.951263268052026,TRUE,"TRUE"
"115","Plate3-J14",16591,14656,"J14",7081,"Plate3","MNS NS","1000","D","N1_S2_RPP30","3",3,NA,3,"20uL","taqpath",500,50,50,"MNS LOD/Saliva Negatives",NA,NA,"copies_per_ml_lysate","14","J","TTCACAGAGG","ACTAACGTGT","TTCACAGAGG","ACTAACGTGT",7081,7575,1935,0,0.934794086589229,TRUE,"TRUE"
"116","Plate3-J16",21997,19314,"J16",11752,"Plate3","MNS NS","1000","D","N1_S2_RPP30","3",3,NA,3,"20uL","taqpath",500,50,50,"MNS LOD/Saliva Negatives",NA,NA,"copies_per_ml_lysate","16","J","CAGCCAGGAA","CTAGCCAACA","CAGCCAGGAA","CTAGCCAACA",10356,8958,2683,0,1.15604420136176,TRUE,"TRUE"
"117","Plate3-J18",16048,14091,"J18",6949,"Plate3","MNS NS","1000","D","N1_S2_RPP30","3",3,NA,3,"20uL","taqpath",500,50,50,"MNS LOD/Saliva Negatives",NA,NA,"copies_per_ml_lysate","18","J","AGACAGGCAA","TGGCAACAAC","AGACAGGCAA","TGGCAACAAC",6949,7142,1957,0,0.972980540389192,TRUE,"TRUE"
"118","Plate3-J20",16147,14841,"J20",6704,"Plate3","MNS NS","1000","D","N1_S2_RPP30","3",3,NA,3,"20uL","taqpath",500,50,50,"MNS LOD/Saliva Negatives",NA,NA,"copies_per_ml_lysate","20","J","ATCTACATGC","GATTCGCAAG","ATCTACATGC","GATTCGCAAG",6703,8138,1306,0,0.82368841381005,TRUE,"TRUE"
"119","Plate3-J22",20467,18557,"J22",11223,"Plate3","MNS NS","1000","D","N1_S2_RPP30","3",3,NA,3,"20uL","taqpath",500,50,50,"MNS LOD/Saliva Negatives",NA,NA,"copies_per_ml_lysate","22","J","TTGAACTCCA","CTATCTCAGC","TTGAACTCCA","CTATCTCAGC",11223,7334,1910,0,1.53019768234492,TRUE,"TRUE"
"120","Plate3-J24",15551,14238,"J24",7492,"Plate3","MNS NS","1000","D","N1_S2_RPP30","3",3,NA,3,"20uL","taqpath",500,50,50,"MNS LOD/Saliva Negatives",NA,NA,"copies_per_ml_lysate","24","J","TATGTCGTTG","AATTGGATCC","TATGTCGTTG","AATTGGATCC",7492,6746,1313,0,1.11056765970061,TRUE,"TRUE"
"121","Plate3-K01",11143,10041,"K01",2842,"Plate3","MNS NS","500","A","N1_S2_RPP30","3",3,NA,3,"20uL","taqpath",500,50,50,"MNS LOD/Saliva Negatives",NA,NA,"copies_per_ml_lysate","01","K","TATGTCTCGG","ATACAGATCC","TATGTCTCGG","ATACAGATCC",2842,7199,1102,0,0.394861111111111,TRUE,"TRUE"
"122","Plate3-K03",13688,13484,"K03",3917,"Plate3","MNS NS","500","A","N1_S2_RPP30","3",3,NA,3,"20uL","taqpath",500,50,50,"MNS LOD/Saliva Negatives",NA,NA,"copies_per_ml_lysate","03","K","TTGAGCAGGA","CGACACAAGT","TTGAGCAGGA","CGACACAAGT",3916,9568,204,0,0.409342669035427,TRUE,"TRUE"
"123","Plate3-K05",11900,11224,"K05",2793,"Plate3","MNS NS","500","A","N1_S2_RPP30","3",3,NA,3,"20uL","taqpath",500,50,50,"MNS LOD/Saliva Negatives",NA,NA,"copies_per_ml_lysate","05","K","TTGCCTTCTC","GAAGCGCCTT","TTGCCTTCTC","GAAGCGCCTT",2793,8431,676,0,0.331356736242884,TRUE,"TRUE"
"124","Plate3-K07",11606,9535,"K07",2394,"Plate3","MNS NS","500","A","N1_S2_RPP30","3",3,NA,3,"20uL","taqpath",500,50,50,"MNS LOD/Saliva Negatives",NA,NA,"copies_per_ml_lysate","07","K","GATCATTGGA","GTTAAGACGT","GATCATTGGA","GTTAAGACGT",2394,7141,2071,0,0.335340240828899,TRUE,"TRUE"
"125","Plate3-K09",19078,17094,"K09",4283,"Plate3","MNS NS","500","A","N1_S2_RPP30","3",3,NA,3,"20uL","taqpath",500,50,50,"MNS LOD/Saliva Negatives",NA,NA,"copies_per_ml_lysate","09","K","CCTGACTAAG","AACAAGGCGT","CCTGACTAAG","AACAAGGCGT",4281,12813,1984,0,0.334165756204152,TRUE,"TRUE"
"126","Plate3-K11",18088,17151,"K11",5536,"Plate3","MNS NS","500","A","N1_S2_RPP30","3",3,NA,3,"20uL","taqpath",500,50,50,"MNS LOD/Saliva Negatives",NA,NA,"copies_per_ml_lysate","11","K","AAGCTATTGC","GCAAGCGATG","AAGCTATTGC","GCAAGCGATG",5536,11615,937,0,0.476670110192837,TRUE,"TRUE"
"127","Plate3-K13",20460,17854,"K13",4801,"Plate3","MNS NS","500","A","N1_S2_RPP30","3",3,NA,3,"20uL","taqpath",500,50,50,"MNS LOD/Saliva Negatives",NA,NA,"copies_per_ml_lysate","13","K","GCCTTGCCAA","CAAGTCTGAC","GCCTTGCCAA","CAAGTCTGAC",4801,13053,2606,0,0.367856595679485,TRUE,"TRUE"
"128","Plate3-K15",3589,418,"K15",143,"Plate3","MNS NS","500","A","N1_S2_RPP30","3",3,NA,3,"20uL","taqpath",500,50,50,"MNS LOD/Saliva Negatives",NA,NA,"copies_per_ml_lysate","15","K","GAGAGTATCC","CCGTATCTAA","GAGAGTATCC","CCGTATCTAA",143,275,3171,0,0.521739130434783,TRUE,"Inconclusive"
"129","Plate3-K17",21698,19531,"K17",7788,"Plate3","MNS NS","500","A","N1_S2_RPP30","3",3,NA,3,"20uL","taqpath",500,50,50,"MNS LOD/Saliva Negatives",NA,NA,"copies_per_ml_lysate","17","K","TTAACTGGTC","CGAGCATCAT","TTAACTGGTC","CGAGCATCAT",7788,11743,2167,0,0.663232288828338,TRUE,"TRUE"
"130","Plate3-K19",15972,13932,"K19",3838,"Plate3","MNS NS","500","A","N1_S2_RPP30","3",3,NA,3,"20uL","taqpath",500,50,50,"MNS LOD/Saliva Negatives",NA,NA,"copies_per_ml_lysate","19","K","GGTCGATACA","TCGAGGCTAT","GGTCGATACA","TCGAGGCTAT",3838,10094,2040,0,0.380287270926201,TRUE,"TRUE"
"131","Plate3-K21",3255,1308,"K21",668,"Plate3","MNS NS","500","A","N1_S2_RPP30","3",3,NA,3,"20uL","taqpath",500,50,50,"MNS LOD/Saliva Negatives",NA,NA,"copies_per_ml_lysate","21","K","TTACCACACC","CACGATAGTC","TTACCACACC","CACGATAGTC",474,834,1947,0,0.568862275449102,TRUE,"TRUE"
"132","Plate3-K23",15893,14622,"K23",2790,"Plate3","MNS NS","500","A","N1_S2_RPP30","3",3,NA,3,"20uL","taqpath",500,50,50,"MNS LOD/Saliva Negatives",NA,NA,"copies_per_ml_lysate","23","K","GAAGTCCGTG","AACTCACGGC","GAAGTCCGTG","AACTCACGGC",2790,11832,1271,0,0.235865799036593,TRUE,"TRUE"
"133","Plate3-L02",13443,12659,"L02",3831,"Plate3","MNS NS","500","D","N1_S2_RPP30","3",3,NA,3,"20uL","taqpath",500,50,50,"MNS LOD/Saliva Negatives",NA,NA,"copies_per_ml_lysate","02","L","CTGACTCGAA","TCACTCCGTC","CTGACTCGAA","TCACTCCGTC",3831,8828,784,0,0.434024238305584,TRUE,"TRUE"
"134","Plate3-L04",20094,16971,"L04",6197,"Plate3","MNS NS","500","D","N1_S2_RPP30","3",3,NA,3,"20uL","taqpath",500,50,50,"MNS LOD/Saliva Negatives",NA,NA,"copies_per_ml_lysate","04","L","GTCGTTCTAA","TGGCTGTTCA","GTCGTTCTAA","TGGCTGTTCA",6197,10774,3030,93,0.575220417633411,TRUE,"TRUE"
"135","Plate3-L06",22628,20766,"L06",6625,"Plate3","MNS NS","500","D","N1_S2_RPP30","3",3,NA,3,"20uL","taqpath",500,50,50,"MNS LOD/Saliva Negatives",NA,NA,"copies_per_ml_lysate","06","L","AGACGAAGAA","TATAGGCGAA","AGACGAAGAA","TATAGGCGAA",3210,17556,1862,0,0.182890015378482,TRUE,"TRUE"
"136","Plate3-L08",8404,6281,"L08",3541,"Plate3","MNS NS","500","D","N1_S2_RPP30","3",3,NA,3,"20uL","taqpath",500,50,50,"MNS LOD/Saliva Negatives",NA,NA,"copies_per_ml_lysate","08","L","TGTGCTTGTC","CGACACATCC","TGTGCTTGTC","CGACACATCC",3541,2740,2123,0,1.29222911346224,TRUE,"TRUE"
"137","Plate3-L10",10447,9552,"L10",8770,"Plate3","MNS NS","500","D","N1_S2_RPP30","3",3,NA,3,"20uL","taqpath",500,50,50,"MNS LOD/Saliva Negatives",NA,NA,"copies_per_ml_lysate","10","L","AAGCCATGCG","ATGGCTTCAG","AAGCCATGCG","ATGGCTTCAG",2965,6587,895,0,0.450212507589557,TRUE,"TRUE"
"138","Plate3-L12",19236,16608,"L12",7197,"Plate3","MNS NS","500","D","N1_S2_RPP30","3",3,NA,3,"20uL","taqpath",500,50,50,"MNS LOD/Saliva Negatives",NA,NA,"copies_per_ml_lysate","12","L","TTACCAACAG","CGTCGAATAC","TTACCAACAG","CGTCGAATAC",7197,9411,2628,0,0.76476838079048,TRUE,"TRUE"
"139","Plate3-L14",16310,14674,"L14",29926,"Plate3","MNS NS","500","D","N1_S2_RPP30","3",3,NA,3,"20uL","taqpath",500,50,50,"MNS LOD/Saliva Negatives",NA,NA,"copies_per_ml_lysate","14","L","CCAGCTATGC","AACCTCGGAA","CCAGCTATGC","AACCTCGGAA",4462,10212,1636,0,0.436992068931754,TRUE,"TRUE"
"140","Plate3-L16",2748,925,"L16",442,"Plate3","MNS NS","500","D","N1_S2_RPP30","3",3,NA,3,"20uL","taqpath",500,50,50,"MNS LOD/Saliva Negatives",NA,NA,"copies_per_ml_lysate","16","L","ATACCGATCG","AGTCTACGGC","ATACCGATCG","AGTCTACGGC",441,484,1823,0,0.911340206185567,TRUE,"TRUE"
"141","Plate3-L18",17732,15964,"L18",5987,"Plate3","MNS NS","500","D","N1_S2_RPP30","3",3,NA,3,"20uL","taqpath",500,50,50,"MNS LOD/Saliva Negatives",NA,NA,"copies_per_ml_lysate","18","L","ACACAGAACG","AAGGTCACAC","ACACAGAACG","AAGGTCACAC",5987,9977,1768,0,0.600120264582081,TRUE,"TRUE"
"142","Plate3-L20",2768,256,"L20",119,"Plate3","MNS NS","500","D","N1_S2_RPP30","3",3,NA,3,"20uL","taqpath",500,50,50,"MNS LOD/Saliva Negatives",NA,NA,"copies_per_ml_lysate","20","L","GGCTTAGCAT","ACAATAAGGC","GGCTTAGCAT","ACAATAAGGC",119,137,2512,0,0.869565217391304,TRUE,"Inconclusive"
"143","Plate3-L22",2766,654,"L22",399,"Plate3","MNS NS","500","D","N1_S2_RPP30","3",3,NA,3,"20uL","taqpath",500,50,50,"MNS LOD/Saliva Negatives",NA,NA,"copies_per_ml_lysate","22","L","GTGATGCTTC","CCATCGCTAA","GTGATGCTTC","CCATCGCTAA",398,256,2112,0,1.55252918287938,TRUE,"TRUE"
"144","Plate3-L24",11240,8515,"L24",2199,"Plate3","MNS NS","500","D","N1_S2_RPP30","3",3,NA,3,"20uL","taqpath",500,50,50,"MNS LOD/Saliva Negatives",NA,NA,"copies_per_ml_lysate","24","L","TGAGGTATGC","GAGTGTACTG","TGAGGTATGC","GAGTGTACTG",2199,6316,2725,0,0.348266582238404,TRUE,"TRUE"
"145","Plate3-M01",10249,8267,"M01",0,"Plate3","MNS NS","0","A","N1_S2_RPP30","3",3,NA,3,"20uL","taqpath",500,50,50,"MNS LOD/Saliva Negatives",NA,NA,"copies_per_ml_lysate","01","M","GGTGAGTTCA","GCATAGATCC","GGTGAGTTCA","GCATAGATCC",0,8267,1982,0,0.000120948234155781,TRUE,"FALSE"
"146","Plate3-M03",15569,13124,"M03",0,"Plate3","MNS NS","0","A","N1_S2_RPP30","3",3,NA,3,"20uL","taqpath",500,50,50,"MNS LOD/Saliva Negatives",NA,NA,"copies_per_ml_lysate","03","M","GACGTTGCTA","GGAGAAGTAA","GACGTTGCTA","GGAGAAGTAA",0,13124,2445,0,7.61904761904762e-05,TRUE,"FALSE"
"147","Plate3-M05",12119,10392,"M05",1,"Plate3","MNS NS","0","A","N1_S2_RPP30","3",3,NA,3,"20uL","taqpath",500,50,50,"MNS LOD/Saliva Negatives",NA,NA,"copies_per_ml_lysate","05","M","TCGGTTCTGA","GTAAGAGCAT","TCGGTTCTGA","GTAAGAGCAT",1,10391,1727,0,0.000192455735180908,TRUE,"FALSE"
"148","Plate3-M07",14838,12331,"M07",0,"Plate3","MNS NS","0","A","N1_S2_RPP30","3",3,NA,3,"20uL","taqpath",500,50,50,"MNS LOD/Saliva Negatives",NA,NA,"copies_per_ml_lysate","07","M","TGAGGACTTA","GTGACAGTAA","TGAGGACTTA","GTGACAGTAA",0,12331,2507,0,8.10898475510866e-05,TRUE,"FALSE"
"149","Plate3-M09",12099,11046,"M09",0,"Plate3","MNS NS","0","A","N1_S2_RPP30","3",3,NA,3,"20uL","taqpath",500,50,50,"MNS LOD/Saliva Negatives",NA,NA,"copies_per_ml_lysate","09","M","CAGTGTTAGA","TAATACCGGA","CAGTGTTAGA","TAATACCGGA",0,11046,1053,0,9.05223137503395e-05,TRUE,"FALSE"
"150","Plate3-M11",21175,18219,"M11",1,"Plate3","MNS NS","0","A","N1_S2_RPP30","3",3,NA,3,"20uL","taqpath",500,50,50,"MNS LOD/Saliva Negatives",NA,NA,"copies_per_ml_lysate","11","M","GTCCTATCCA","TCATTGAGGA","GTCCTATCCA","TCATTGAGGA",1,18218,2956,0,0.000109775509083923,TRUE,"FALSE"
"151","Plate3-M13",17954,16271,"M13",0,"Plate3","MNS NS","0","A","N1_S2_RPP30","3",3,NA,3,"20uL","taqpath",500,50,50,"MNS LOD/Saliva Negatives",NA,NA,"copies_per_ml_lysate","13","M","AGTGTTCGAA","TCTTCGGAGG","AGTGTTCGAA","TCTTCGGAGG",0,16271,1683,0,6.14552605703048e-05,TRUE,"FALSE"
"152","Plate3-M15",5815,5179,"M15",0,"Plate3","MNS NS","0","A","N1_S2_RPP30","3",3,NA,3,"20uL","taqpath",500,50,50,"MNS LOD/Saliva Negatives",NA,NA,"copies_per_ml_lysate","15","M","GGCAATCTAA","TGGAGGTAAT","GGCAATCTAA","TGGAGGTAAT",0,5179,636,0,0.000193050193050193,TRUE,"FALSE"
"153","Plate3-M17",15776,14393,"M17",1,"Plate3","MNS NS","0","A","N1_S2_RPP30","3",3,NA,3,"20uL","taqpath",500,50,50,"MNS LOD/Saliva Negatives",NA,NA,"copies_per_ml_lysate","17","M","ACACTCACAG","ATTAGCGGTT","ACACTCACAG","ATTAGCGGTT",0,14393,1383,0,6.94733916909824e-05,TRUE,"FALSE"
"154","Plate3-M19",5575,5562,"M19",0,"Plate3","MNS NS","0","A","N1_S2_RPP30","3",3,NA,3,"20uL","taqpath",500,50,50,"MNS LOD/Saliva Negatives",NA,NA,"copies_per_ml_lysate","19","M","ACCAGGTACG","AAGTACTCTC","ACCAGGTACG","AAGTACTCTC",0,5562,13,0,0.000179759122775481,TRUE,"FALSE"
"155","Plate3-M21",11241,9958,"M21",0,"Plate3","MNS NS","0","A","N1_S2_RPP30","3",3,NA,3,"20uL","taqpath",500,50,50,"MNS LOD/Saliva Negatives",NA,NA,"copies_per_ml_lysate","21","M","ACGGTGTAGC","GATGTAGCTT","ACGGTGTAGC","GATGTAGCTT",0,9958,1283,0,0.000100411687920474,TRUE,"FALSE"
"156","Plate3-M23",3368,2147,"M23",0,"Plate3","MNS NS","0","A","N1_S2_RPP30","3",3,NA,3,"20uL","taqpath",500,50,50,"MNS LOD/Saliva Negatives",NA,NA,"copies_per_ml_lysate","23","M","GTGTAGCTGA","GAACTGATCC","GTGTAGCTGA","GAACTGATCC",0,2147,1221,0,0.000465549348230912,TRUE,"FALSE"
"157","Plate3-N02",16568,14414,"N02",0,"Plate3","MNS NS","0","D","N1_S2_RPP30","3",3,NA,3,"20uL","taqpath",500,50,50,"MNS LOD/Saliva Negatives",NA,NA,"copies_per_ml_lysate","02","N","TCTAACTTGC","GACTACGTGA","TCTAACTTGC","GACTACGTGA",0,14414,2154,0,6.93721817551162e-05,TRUE,"FALSE"
"158","Plate3-N04",7048,6614,"N04",10008,"Plate3","MNS NS","0","D","N1_S2_RPP30","3",3,NA,3,"20uL","taqpath",500,50,50,"MNS LOD/Saliva Negatives",NA,NA,"copies_per_ml_lysate","04","N","AGGCTACGAA","TGGCGACACT","AGGCTACGAA","TGGCGACACT",0,6614,434,0,0.000151171579743008,TRUE,"FALSE"
"159","Plate3-N06",9118,6300,"N06",0,"Plate3","MNS NS","0","D","N1_S2_RPP30","3",3,NA,3,"20uL","taqpath",500,50,50,"MNS LOD/Saliva Negatives",NA,NA,"copies_per_ml_lysate","06","N","GTTACTCTCA","GCGATGATAT","GTTACTCTCA","GCGATGATAT",0,6300,2818,0,0.000158704967465482,TRUE,"FALSE"
"160","Plate3-N08",17033,14320,"N08",8493,"Plate3","MNS NS","0","D","N1_S2_RPP30","3",3,NA,3,"20uL","taqpath",500,50,50,"MNS LOD/Saliva Negatives",NA,NA,"copies_per_ml_lysate","08","N","GCTACGCTGA","GCCTATGCTA","GCTACGCTGA","GCCTATGCTA",0,14320,2713,0,6.98275260107534e-05,TRUE,"FALSE"
"161","Plate3-N10",19536,17307,"N10",0,"Plate3","MNS NS","0","D","N1_S2_RPP30","3",3,NA,3,"20uL","taqpath",500,50,50,"MNS LOD/Saliva Negatives",NA,NA,"copies_per_ml_lysate","10","N","CTGTGATTCA","GACAGCGTTA","CTGTGATTCA","GACAGCGTTA",0,17307,2229,0,5.77767506355443e-05,TRUE,"FALSE"
"162","Plate3-N12",14952,12926,"N12",5010,"Plate3","MNS NS","0","D","N1_S2_RPP30","3",3,NA,3,"20uL","taqpath",500,50,50,"MNS LOD/Saliva Negatives",NA,NA,"copies_per_ml_lysate","12","N","GGACTTCTAA","GCCAACTCAG","GGACTTCTAA","GCCAACTCAG",0,12926,2026,0,7.73574688636188e-05,TRUE,"FALSE"
"163","Plate3-N14",17660,15150,"N14",0,"Plate3","MNS NS","0","D","N1_S2_RPP30","3",3,NA,3,"20uL","taqpath",500,50,50,"MNS LOD/Saliva Negatives",NA,NA,"copies_per_ml_lysate","14","N","GAGTCGCATA","GCCAATCCTT","GAGTCGCATA","GCCAATCCTT",0,15150,2510,0,6.60022440762986e-05,TRUE,"FALSE"
"164","Plate3-N16",10895,9101,"N16",0,"Plate3","MNS NS","0","D","N1_S2_RPP30","3",3,NA,3,"20uL","taqpath",500,50,50,"MNS LOD/Saliva Negatives",NA,NA,"copies_per_ml_lysate","16","N","TTCTGGCTAC","GCCACGAGAT","TTCTGGCTAC","GCCACGAGAT",0,9101,1794,0,0.0001098659635245,TRUE,"FALSE"
"165","Plate3-N18",5317,3764,"N18",0,"Plate3","MNS NS","0","D","N1_S2_RPP30","3",3,NA,3,"20uL","taqpath",500,50,50,"MNS LOD/Saliva Negatives",NA,NA,"copies_per_ml_lysate","18","N","TGTGAGACAA","GCCACTCTCA","TGTGAGACAA","GCCACTCTCA",0,3764,1553,0,0.000265604249667995,TRUE,"FALSE"
"166","Plate3-N20",13662,11087,"N20",0,"Plate3","MNS NS","0","D","N1_S2_RPP30","3",3,NA,3,"20uL","taqpath",500,50,50,"MNS LOD/Saliva Negatives",NA,NA,"copies_per_ml_lysate","20","N","GACAGTTCGC","GCCAGTAGGT","GACAGTTCGC","GCCAGTAGGT",0,11087,2575,0,9.01875901875902e-05,TRUE,"FALSE"
"167","Plate3-N22",12180,9984,"N22",1,"Plate3","MNS NS","0","D","N1_S2_RPP30","3",3,NA,3,"20uL","taqpath",500,50,50,"MNS LOD/Saliva Negatives",NA,NA,"copies_per_ml_lysate","22","N","ATTCGCAACA","GCCATACCTG","ATTCGCAACA","GCCATACCTG",0,9984,2196,0,0.000100150225338007,TRUE,"FALSE"
"168","Plate3-N24",10166,9407,"N24",2,"Plate3","MNS NS","0","D","N1_S2_RPP30","3",3,NA,3,"20uL","taqpath",500,50,50,"MNS LOD/Saliva Negatives",NA,NA,"copies_per_ml_lysate","24","N","TCGAGGCGAA","GCCATCCGAA","TCGAGGCGAA","GCCATCCGAA",1,9406,759,0,0.000212607632614011,TRUE,"FALSE"
"169","Plate3-O01",17400,15143,"O01",0,"Plate3","MNS NS","0","A","N1_S2_RPP30","3",3,NA,3,"20uL","taqpath",500,50,50,"MNS LOD/Saliva Negatives",NA,NA,"copies_per_ml_lysate","01","O","TTGCTAGTAC","GCCATTCAAT","TTGCTAGTAC","GCCATTCAAT",0,15143,2257,0,6.60327522451136e-05,TRUE,"FALSE"
"170","Plate3-O03",11388,9567,"O03",1,"Plate3","MNS NS","0","A","N1_S2_RPP30","3",3,NA,3,"20uL","taqpath",500,50,50,"MNS LOD/Saliva Negatives",NA,NA,"copies_per_ml_lysate","03","O","TATCGCTTCT","ACAGTGATCC","TATCGCTTCT","ACAGTGATCC",1,9566,1821,0,0.000209051949409428,TRUE,"FALSE"
"171","Plate3-O05",17795,15337,"O05",0,"Plate3","MNS NS","0","A","N1_S2_RPP30","3",3,NA,3,"20uL","taqpath",500,50,50,"MNS LOD/Saliva Negatives",NA,NA,"copies_per_ml_lysate","05","O","TGAAGGTCCT","ACGTGTCTGG","TGAAGGTCCT","ACGTGTCTGG",0,15337,2458,0,6.51975485721737e-05,TRUE,"FALSE"
"172","Plate3-O07",17233,15710,"O07",0,"Plate3","MNS NS","0","A","N1_S2_RPP30","3",3,NA,3,"20uL","taqpath",500,50,50,"MNS LOD/Saliva Negatives",NA,NA,"copies_per_ml_lysate","07","O","GTAAGATCAC","ATCCGGAAGC","GTAAGATCAC","ATCCGGAAGC",0,15710,1523,0,6.36496722041881e-05,TRUE,"FALSE"
"173","Plate3-O09",12330,12295,"O09",0,"Plate3","MNS NS","0","A","N1_S2_RPP30","3",3,NA,3,"20uL","taqpath",500,50,50,"MNS LOD/Saliva Negatives",NA,NA,"copies_per_ml_lysate","09","O","CCACCTAGTG","AGTCGGACAC","CCACCTAGTG","AGTCGGACAC",0,12295,35,0,8.1327260897853e-05,TRUE,"FALSE"
"174","Plate3-O11",8439,8318,"O11",0,"Plate3","MNS NS","0","A","N1_S2_RPP30","3",3,NA,3,"20uL","taqpath",500,50,50,"MNS LOD/Saliva Negatives",NA,NA,"copies_per_ml_lysate","11","O","CTCGAACGGT","AACCGCACAG","CTCGAACGGT","AACCGCACAG",0,8318,121,0,0.000120206755619666,TRUE,"FALSE"
"175","Plate3-O13",15707,13367,"O13",1,"Plate3","MNS NS","0","A","N1_S2_RPP30","3",3,NA,3,"20uL","taqpath",500,50,50,"MNS LOD/Saliva Negatives",NA,NA,"copies_per_ml_lysate","13","O","TAACCGAGTA","ATGTAACGGC","TAACCGAGTA","ATGTAACGGC",0,13367,2340,0,7.48055056852184e-05,TRUE,"FALSE"
"176","Plate3-O15",11195,8757,"O15",0,"Plate3","MNS NS","0","A","N1_S2_RPP30","3",3,NA,3,"20uL","taqpath",500,50,50,"MNS LOD/Saliva Negatives",NA,NA,"copies_per_ml_lysate","15","O","GTGTGGTTAA","TGTCCGACGT","GTGTGGTTAA","TGTCCGACGT",0,8757,2438,0,0.000114181319936058,TRUE,"FALSE"
"177","Plate3-O17",13834,11662,"O17",0,"Plate3","MNS NS","0","A","N1_S2_RPP30","3",3,NA,3,"20uL","taqpath",500,50,50,"MNS LOD/Saliva Negatives",NA,NA,"copies_per_ml_lysate","17","O","TCGTAGGATC","AGGCTGCCAA","TCGTAGGATC","AGGCTGCCAA",0,11662,2172,0,8.574123295893e-05,TRUE,"FALSE"
"178","Plate3-O19",14543,12573,"O19",0,"Plate3","MNS NS","0","A","N1_S2_RPP30","3",3,NA,3,"20uL","taqpath",500,50,50,"MNS LOD/Saliva Negatives",NA,NA,"copies_per_ml_lysate","19","O","TGATCAGACG","AGTCCACCGT","TGATCAGACG","AGTCCACCGT",0,12573,1970,0,7.95291872117067e-05,TRUE,"FALSE"
"179","Plate3-O21",16767,15013,"O21",0,"Plate3","MNS NS","0","A","N1_S2_RPP30","3",3,NA,3,"20uL","taqpath",500,50,50,"MNS LOD/Saliva Negatives",NA,NA,"copies_per_ml_lysate","21","O","CAGTAGTTAC","CATGAGACGA","CAGTAGTTAC","CATGAGACGA",0,15013,1754,0,6.66045024643666e-05,TRUE,"FALSE"
"180","Plate3-O23",14598,12731,"O23",0,"Plate3","MNS NS","0","A","N1_S2_RPP30","3",3,NA,3,"20uL","taqpath",500,50,50,"MNS LOD/Saliva Negatives",NA,NA,"copies_per_ml_lysate","23","O","GGATTAATGG","CAGTAGGCGA","GGATTAATGG","CAGTAGGCGA",0,12731,1867,0,7.85422557335847e-05,TRUE,"FALSE"
"181","Plate3-P02",17965,16188,"P02",0,"Plate3","MNS NS","0","D","N1_S2_RPP30","3",3,NA,3,"20uL","taqpath",500,50,50,"MNS LOD/Saliva Negatives",NA,NA,"copies_per_ml_lysate","02","P","TGTCCAGGTC","ACAGGAGATG","TGTCCAGGTC","ACAGGAGATG",0,16188,1777,0,6.17703378837482e-05,TRUE,"FALSE"
"182","Plate3-P04",21120,18529,"P04",0,"Plate3","MNS NS","0","D","N1_S2_RPP30","3",3,NA,3,"20uL","taqpath",500,50,50,"MNS LOD/Saliva Negatives",NA,NA,"copies_per_ml_lysate","04","P","GAACTTAGCA","AACTGGCGTA","GAACTTAGCA","AACTGGCGTA",0,18529,2591,0,5.39665407447383e-05,TRUE,"FALSE"
"183","Plate3-P06",5818,3513,"P06",10778,"Plate3","MNS NS","0","D","N1_S2_RPP30","3",3,NA,3,"20uL","taqpath",500,50,50,"MNS LOD/Saliva Negatives",NA,NA,"copies_per_ml_lysate","06","P","CTGCATGTCA","ATCGCATTAG","CTGCATGTCA","ATCGCATTAG",0,3513,2305,0,0.000284575981787137,TRUE,"FALSE"
"184","Plate3-P08",20135,17712,"P08",0,"Plate3","MNS NS","0","D","N1_S2_RPP30","3",3,NA,3,"20uL","taqpath",500,50,50,"MNS LOD/Saliva Negatives",NA,NA,"copies_per_ml_lysate","08","P","TCCTAGTAAG","ATCCATGATG","TCCTAGTAAG","ATCCATGATG",0,17712,2423,0,5.64557104951166e-05,TRUE,"FALSE"
"185","Plate3-P10",10318,8552,"P10",30771,"Plate3","MNS NS","0","D","N1_S2_RPP30","3",3,NA,3,"20uL","taqpath",500,50,50,"MNS LOD/Saliva Negatives",NA,NA,"copies_per_ml_lysate","10","P","AATTCCTTGC","ACGACGCCTA","AATTCCTTGC","ACGACGCCTA",0,8552,1766,0,0.000116918040453642,TRUE,"FALSE"
"186","Plate3-P12",18209,15202,"P12",0,"Plate3","MNS NS","0","D","N1_S2_RPP30","3",3,NA,3,"20uL","taqpath",500,50,50,"MNS LOD/Saliva Negatives",NA,NA,"copies_per_ml_lysate","12","P","GAGGTTGGTC","AATCTGCATG","GAGGTTGGTC","AATCTGCATG",0,15202,3007,0,6.57764914819444e-05,TRUE,"FALSE"
"187","Plate3-P14",17461,15150,"P14",1441,"Plate3","MNS NS","0","D","N1_S2_RPP30","3",3,NA,3,"20uL","taqpath",500,50,50,"MNS LOD/Saliva Negatives",NA,NA,"copies_per_ml_lysate","14","P","ACCATCTGAT","ACTGCATGAG","ACCATCTGAT","ACTGCATGAG",0,15150,2311,0,6.60022440762986e-05,TRUE,"FALSE"
"188","Plate3-P16",13109,11920,"P16",0,"Plate3","MNS NS","0","D","N1_S2_RPP30","3",3,NA,3,"20uL","taqpath",500,50,50,"MNS LOD/Saliva Negatives",NA,NA,"copies_per_ml_lysate","16","P","TCGTTGTCGG","ATCCGACGAA","TCGTTGTCGG","ATCCGACGAA",0,11920,1189,0,8.38855800687862e-05,TRUE,"FALSE"
"189","Plate3-P18",9564,7761,"P18",0,"Plate3","MNS NS","0","D","N1_S2_RPP30","3",3,NA,3,"20uL","taqpath",500,50,50,"MNS LOD/Saliva Negatives",NA,NA,"copies_per_ml_lysate","18","P","CATTGTGGTG","AACTGCCAAG","CATTGTGGTG","AACTGCCAAG",0,7761,1803,0,0.000128832775057975,TRUE,"FALSE"
"190","Plate3-P20",11406,10233,"P20",0,"Plate3","MNS NS","0","D","N1_S2_RPP30","3",3,NA,3,"20uL","taqpath",500,50,50,"MNS LOD/Saliva Negatives",NA,NA,"copies_per_ml_lysate","20","P","TTCCATCCTA","CTGAAGGTGT","TTCCATCCTA","CTGAAGGTGT",0,10233,1173,0,9.77135040062537e-05,TRUE,"FALSE"
"191","Plate3-P22",13766,11607,"P22",0,"Plate3","MNS NS","0","D","N1_S2_RPP30","3",3,NA,3,"20uL","taqpath",500,50,50,"MNS LOD/Saliva Negatives",NA,NA,"copies_per_ml_lysate","22","P","GTGCAAGGTC","CGAAGCGCAA","GTGCAAGGTC","CGAAGCGCAA",0,11607,2159,0,8.61474844934528e-05,TRUE,"FALSE"
"192","Plate3-P24",15124,12527,"P24",0,"Plate3","MNS NS","0","D","N1_S2_RPP30","3",3,NA,3,"20uL","taqpath",500,50,50,"MNS LOD/Saliva Negatives",NA,NA,"copies_per_ml_lysate","24","P","ACGTTCCTAA","TTAAGGTCGG","ACGTTCCTAA","TTAAGGTCGG",0,12527,2597,0,7.98212005108557e-05,TRUE,"FALSE"
